450,00000	0,02867
451,74000	0,06400
453,48000	0,07833
455,22000	0,10033
456,96000	0,12233
458,70000	0,14567
460,44000	0,17000
462,18000	0,19467
463,92000	0,22167
465,66000	0,24800
467,40000	0,27467
469,14000	0,30100
470,88000	0,32867
472,62000	0,36300
474,36000	0,40067
476,10000	0,44667
477,84000	0,49500
479,58000	0,54767
481,32000	0,60367
483,06000	0,65633
484,80000	0,71300
486,54000	0,76700
488,28000	0,82133
490,02000	0,87667
491,76000	0,93100
493,50000	0,98867
495,24000	1,04300
496,98000	1,09800
498,72000	1,15500
500,46000	1,21133
502,20000	1,26967
503,94000	1,32600
505,68000	1,38167
507,42000	1,44000
509,16000	1,49500
510,90000	1,55167
512,64000	1,60600
514,38000	1,66133
516,12000	1,71733
517,86000	1,77000
519,60000	1,82567
521,34000	1,87833
523,08000	1,93000
524,82000	1,98433
526,56000	2,03367
528,30000	2,08633
530,04000	2,13567
531,78000	2,18567
533,52000	2,23767
535,26000	2,28900
537,00000	2,34433
538,74000	2,39733
540,48000	2,45233
542,22000	2,51433
543,96000	2,58533
545,70000	2,67567
547,44000	2,78100
549,18000	2,90900
550,92000	3,07567
552,66000	3,27667
554,40000	3,46567
556,14000	3,51067
557,88000	3,35300
559,62000	2,99700
561,36000	2,56833
563,10000	2,11367
564,84000	1,72567
566,58000	1,40000
568,32000	1,11833
570,06000	0,88000
571,80000	0,65733
573,54000	0,48267
575,28000	0,34833
577,02000	0,24667
578,76000	0,18067
580,50000	0,13200
582,24000	0,09933
583,98000	0,07500
585,72000	0,05633
587,46000	0,04300
589,20000	0,03367
590,94000	0,02600
592,68000	0,02100
594,42000	0,01733
596,16000	0,01433
597,90000	0,01100
599,64000	0,01033
601,38000	0,00967
603,12000	0,00833
604,86000	0,00800
606,60000	0,00767
608,34000	0,00700
610,08000	0,00700
611,82000	0,00667
613,56000	0,00600
615,30000	0,00600
617,04000	0,00600
618,78000	0,00600
620,52000	0,00600
622,26000	0,00500
624,00000	0,00500
