450,00000	0,18423
452,00000	0,17290
454,00000	0,18297
456,00000	0,17450
458,00000	0,17987
460,00000	0,17650
462,00000	0,18523
464,00000	0,17673
466,00000	0,17720
468,00000	0,18383
470,00000	0,18840
472,00000	0,17473
474,00000	0,17460
476,00000	0,17587
478,00000	0,18080
480,00000	0,17923
482,00000	0,17653
484,00000	0,17757
486,00000	0,18080
488,00000	0,17957
490,00000	0,17567
492,00000	0,17723
494,00000	0,18763
496,00000	0,17193
498,00000	0,17957
500,00000	0,17773
502,00000	0,18127
504,00000	0,18087
506,00000	0,18040
508,00000	0,17747
510,00000	0,18190
512,00000	0,18057
514,00000	0,18387
516,00000	0,17443
518,00000	0,17733
520,00000	0,18400
522,00000	0,17903
524,00000	0,18323
526,00000	0,18220
528,00000	0,19023
530,00000	0,18793
532,00000	0,18743
534,00000	0,19503
536,00000	0,20377
538,00000	0,20397
540,00000	0,21687
542,00000	0,22300
544,00000	0,24290
546,00000	0,27120
548,00000	0,29497
550,00000	0,32843
552,00000	0,37207
554,00000	0,44113
556,00000	0,50500
558,00000	0,61207
560,00000	0,72323
562,00000	0,86820
564,00000	0,97493
566,00000	1,06783
568,00000	1,11420
570,00000	1,15230
572,00000	1,15617
574,00000	1,13600
576,00000	1,08710
578,00000	0,98393
580,00000	0,88617
582,00000	0,78343
584,00000	0,71583
586,00000	0,65470
588,00000	0,59407
590,00000	0,55547
592,00000	0,49553
594,00000	0,45853
596,00000	0,41697
598,00000	0,38490
600,00000	0,35627
602,00000	0,33367
604,00000	0,30523
606,00000	0,29520
608,00000	0,27983
610,00000	0,26553
612,00000	0,25970
614,00000	0,24877
616,00000	0,24217
618,00000	0,23697
620,00000	0,22270
622,00000	0,22930
624,00000	0,21380
626,00000	0,20900
628,00000	0,21623
630,00000	0,20207
632,00000	0,20397
634,00000	0,19877
636,00000	0,20527
638,00000	0,19317
640,00000	0,19647
642,00000	0,19213
644,00000	0,19650
646,00000	0,19307
648,00000	0,18463
650,00000	0,19467
